LEGEND 35 sequence features are calculated, including 20 amino acid compositions
LEGEND All features are calculated over a sliding 21 amino acid window
LEGEND   KmR=KminusR DmE=DminusE KpR=KplusR PmN=K+R-D-E PpN=K+R+D+N aro=F+W+Y
LEGEND   fld = border of folded (pos) / unfolded (neg) Uversky et al Proteins 2000 41:415
LEGEND   dis = disorder propensity Rune & Linding NAR 2003 31:3701
LEGEND   bet = beta strand propensities Costantini et al 2006 BBRC 342:441
LEGEND   mem = Kyte-Doolittle hydropathy normalised (-1 to +1) JMB 157:105
LEGEND Only a subset of features used for prediction, according to best fit against data
LEGEND   underlying solubility data: cell-free expression Niwa et al PNAS 2009 106:4201
LEGEND Features used for prediction are scaled 0 - 1 over range in underlying dataset
HEADERS PREDICTIONS LINE,ID,percent-sol,scaled-sol,population-sol,pI
HEADERS FEATURES ORIGINAL,ID,K-R,D-E,naa,A,C,D,E,F,G,H,I,K,L,M,N,P,Q,R,S,T,V,W,Y,K+R,D+E,K+R-D-E,K+R+D+E,F+W+Y,pI,KyteDoo,abs-charge,FoldIndex,disorder,entropy,betapropensity
HEADERS FEATURES PLOT,ID,KmR,DmE,len,A,C,D,E,F,G,H,I,K,L,M,N,P,Q,R,S,T,V,W,Y,KpR,DpE,PmN,PpN,aro,pI,mem,chr,fld,dis,ent,bet

SEQUENCE PREDICTIONS,>P00547,41.535, 0.336, 0.446, 5.520
SEQUENCE WEIGHTS,>P00547, 0.119, 0.000, 0.166, 0.000, 0.000, 0.000, 0.000, 0.000, 0.000, 0.053, 0.000, 0.000, 0.061, 0.000, 0.000, 0.000, 0.000, 0.000, 0.000, 0.000, 0.057, 0.000, 0.000, 0.000, 0.095, 0.000, 0.000, 0.101, 0.000, 0.000, 0.120, 0.077, 0.000, 0.150, 0.000
SEQUENCE DEVIATIONS,>P00547,-0.389,-0.579, 0.011, 0.942, 1.265,-0.907, 0.062,-0.160, 0.739,-0.468,-0.277,-0.738, 0.012, 0.427,-0.033, 0.460,-0.096,-0.178,-0.033,-1.381, 0.284,-0.007,-0.127,-0.720,-0.511,-0.211,-0.838,-0.161,-0.633, 1.120,-0.222, 1.038, 0.143, 0.634,-0.308
SEQUENCE PROFILE KyteDoolittle,>P00547,0.583,0.582,0.569,0.612,0.586,0.585,0.597,0.587,0.576,0.589,0.614,0.624,0.641,0.612,0.639,0.639,0.637,0.644,0.644,0.632,0.621,0.605,0.592,0.597,0.570,0.594,0.584,0.543,0.582,0.582,0.549,0.543,0.533,0.516,0.514,0.512,0.481,0.481,0.440,0.450,0.417,0.389,0.389,0.416,0.424,0.421,0.383,0.414,0.428,0.389,0.368,0.406,0.405,0.377,0.377,0.417,0.395,0.383,0.369,0.411,0.411,0.457,0.485,0.514,0.486,0.484,0.472,0.470,0.439,0.453,0.463,0.511,0.494,0.477,0.493,0.532,0.510,0.507,0.524,0.552,0.541,0.546,0.546,0.558,0.558,0.571,0.571,0.599,0.630,0.658,0.630,0.620,0.579,0.594,0.596,0.578,0.549,0.571,0.557,0.543,0.530,0.493,0.517,0.515,0.502,0.513,0.513,0.491,0.462,0.473,0.444,0.461,0.456,0.496,0.479,0.479,0.495,0.528,0.490,0.502,0.502,0.487,0.533,0.523,0.494,0.498,0.493,0.503,0.503,0.519,0.509,0.509,0.531,0.565,0.565,0.551,0.534,0.520,0.478,0.519,0.549,0.563,0.563,0.523,0.535,0.535,0.520,0.520,0.481,0.465,0.462,0.472,0.486,0.488,0.498,0.484,0.496,0.506,0.522,0.565,0.520,0.519,0.519,0.533,0.561,0.521,0.539,0.517,0.512,0.554,0.593,0.589,0.578,0.565,0.535,0.492,0.458,0.447,0.437,0.452,0.452,0.482,0.443,0.445,0.425,0.398,0.437,0.437,0.459,0.464,0.464,0.427,0.445,0.449,0.460,0.463,0.463,0.468,0.478,0.478,0.485,0.471,0.471,0.467,0.489,0.523,0.520,0.481,0.494,0.520,0.514,0.472,0.480,0.464,0.427,0.415,0.396,0.440,0.478,0.478,0.495,0.489,0.456,0.428,0.458,0.414,0.386,0.416,0.457,0.444,0.402,0.416,0.432,0.450,0.479,0.513,0.527,0.549,0.552,0.528,0.534,0.532,0.515,0.531,0.546,0.556,0.595,0.623,0.633,0.624,0.596,0.594,0.562,0.546,0.532,0.520,0.492,0.472,0.496,0.482,0.468,0.465,0.489,0.489,0.477,0.462,0.435,0.441,0.413,0.374,0.342,0.342,0.361,0.384,0.425,0.412,0.426,0.458,0.458,0.456,0.428,0.442,0.457,0.434,0.446,0.443,0.484,0.511,0.472,0.472
SEQUENCE PROFILE Uversky??,>P00547,0.471,0.470,0.435,0.506,0.434,0.430,0.465,0.389,0.357,0.395,0.463,0.493,0.538,0.411,0.485,0.485,0.480,0.501,0.501,0.466,0.436,0.343,0.306,0.321,0.247,0.313,0.285,0.172,0.327,0.327,0.282,0.267,0.238,0.144,0.234,0.228,0.142,0.141,-0.020,0.055,0.010,-0.116,-0.068,0.009,0.029,0.022,-0.086,0.003,0.041,-0.114,-0.127,-0.067,-0.071,-0.149,-0.149,-0.084,-0.145,-0.132,-0.172,-0.006,-0.006,0.075,0.200,0.280,0.203,0.197,0.117,0.159,0.071,0.112,0.092,0.272,0.225,0.177,0.222,0.282,0.220,0.215,0.308,0.386,0.356,0.368,0.368,0.404,0.402,0.439,0.439,0.471,0.603,0.682,0.603,0.527,0.413,0.456,0.462,0.458,0.379,0.440,0.401,0.313,0.276,0.221,0.289,0.283,0.247,0.277,0.278,0.216,0.089,0.119,-0.008,0.037,0.118,0.231,0.183,0.183,0.181,0.271,0.167,0.200,0.200,0.159,0.239,0.210,0.130,0.140,0.126,0.154,0.154,0.247,0.219,0.267,0.328,0.375,0.375,0.288,0.194,0.155,-0.011,0.103,0.188,0.275,0.275,0.162,0.197,0.197,0.155,0.155,-0.001,-0.094,-0.101,-0.073,-0.035,-0.029,-0.001,-0.041,0.039,0.115,0.161,0.326,0.250,0.245,0.245,0.287,0.365,0.204,0.254,0.241,0.226,0.392,0.452,0.441,0.412,0.374,0.293,0.123,-0.018,-0.050,-0.031,0.012,0.012,0.144,0.035,0.041,-0.063,-0.137,-0.077,-0.077,0.031,0.046,0.046,-0.057,-0.007,0.003,0.036,0.043,0.043,0.105,0.133,0.133,0.153,0.113,0.113,0.055,0.117,0.259,0.201,0.141,0.176,0.248,0.234,0.163,0.187,0.141,-0.009,0.006,-0.096,0.074,0.181,0.181,0.179,0.164,0.024,-0.054,0.077,-0.092,-0.172,-0.040,0.025,-0.010,-0.080,-0.040,-0.042,0.008,0.089,0.229,0.221,0.329,0.340,0.272,0.290,0.284,0.237,0.327,0.368,0.398,0.458,0.536,0.565,0.540,0.414,0.504,0.414,0.321,0.284,0.248,0.170,0.163,0.231,0.191,0.104,0.097,0.164,0.164,0.178,0.137,0.062,0.076,-0.002,-0.109,-0.198,-0.198,-0.194,-0.129,0.032,-0.005,0.035,0.124,0.124,0.118,-0.008,0.081,0.121,0.059,0.091,0.082,0.196,0.271,0.116,0.116
SEQUENCE PROFILE entropy,>P00547,3.368,3.309,3.291,3.137,3.291,3.196,3.214,3.214,3.237,3.214,3.214,3.237,3.082,2.951,2.779,2.779,2.839,2.653,2.784,2.815,2.774,2.810,2.851,3.006,3.178,3.178,3.178,3.237,3.178,3.178,3.309,3.368,3.368,3.368,3.463,3.463,3.559,3.559,3.427,3.463,3.499,3.463,3.463,3.463,3.559,3.654,3.785,3.916,4.011,3.975,3.844,3.880,3.880,3.785,3.630,3.535,3.630,3.726,3.594,3.654,3.654,3.654,3.785,3.785,3.880,3.880,3.749,3.785,3.880,3.785,3.821,3.726,3.630,3.630,3.594,3.559,3.535,3.594,3.559,3.463,3.559,3.499,3.499,3.499,3.499,3.368,3.368,3.273,3.118,2.987,3.118,3.118,3.118,3.154,3.178,3.309,3.404,3.404,3.440,3.535,3.690,3.785,3.654,3.594,3.440,3.423,3.423,3.499,3.535,3.459,3.423,3.387,3.423,3.423,3.423,3.423,3.327,3.232,3.404,3.404,3.404,3.404,3.499,3.559,3.690,3.785,3.880,3.785,3.785,3.726,3.821,3.821,3.880,3.785,3.785,3.880,3.916,3.821,3.821,3.726,3.594,3.690,3.690,3.559,3.559,3.559,3.427,3.427,3.427,3.427,3.523,3.523,3.559,3.559,3.463,3.594,3.726,3.726,3.630,3.594,3.726,3.690,3.690,3.785,3.690,3.726,3.690,3.785,3.630,3.535,3.499,3.499,3.459,3.459,3.459,3.459,3.499,3.499,3.594,3.594,3.594,3.423,3.423,3.423,3.268,3.345,3.249,3.249,3.309,3.463,3.463,3.427,3.273,3.332,3.332,3.427,3.427,3.463,3.559,3.559,3.559,3.499,3.499,3.630,3.594,3.690,3.690,3.821,3.975,3.880,3.726,3.726,3.630,3.690,3.594,3.559,3.427,3.427,3.273,3.273,3.404,3.559,3.559,3.654,3.654,3.630,3.535,3.404,3.309,3.249,3.118,3.273,3.309,3.249,3.154,3.137,3.232,3.232,3.232,3.137,2.982,3.006,2.851,2.946,3.042,3.214,3.214,3.042,3.118,3.214,3.368,3.368,3.368,3.523,3.559,3.427,3.559,3.690,3.821,3.690,3.690,3.785,3.654,3.654,3.654,3.749,3.880,3.749,3.785,3.821,3.690,3.690,3.690,3.690,3.690,3.690,3.785,3.916,3.916,3.880,3.785,3.880,3.880,3.880,3.916,3.821,3.821,3.690,3.726,3.726
SEQUENCE PROFILE charge,>P00547,0.000,0.000,0.000,-0.048,-0.048,-0.048,-0.048,-0.095,-0.095,-0.095,-0.095,-0.095,-0.095,-0.143,-0.143,-0.143,-0.143,-0.143,-0.143,-0.143,-0.143,-0.190,-0.190,-0.190,-0.190,-0.190,-0.190,-0.190,-0.143,-0.143,-0.095,-0.095,-0.095,-0.143,-0.048,-0.048,-0.048,-0.048,-0.095,-0.048,0.000,-0.048,0.000,0.000,0.000,0.000,0.000,0.000,0.000,-0.048,0.000,-0.048,-0.048,-0.048,-0.048,-0.095,-0.095,-0.048,-0.048,0.000,0.000,-0.048,0.000,0.000,0.000,0.000,-0.048,0.000,0.000,0.000,0.048,0.000,0.000,0.000,0.000,0.048,0.048,0.048,0.000,0.000,0.000,0.000,0.000,0.000,0.000,0.000,0.000,0.048,0.000,0.000,0.000,-0.048,-0.048,-0.048,-0.048,0.000,0.000,0.000,0.000,-0.048,-0.048,0.000,0.000,0.000,0.000,0.000,0.000,0.000,-0.048,-0.048,-0.095,-0.095,0.000,0.000,0.000,0.000,-0.048,-0.048,-0.048,-0.048,-0.048,-0.048,-0.095,-0.095,-0.095,-0.095,-0.095,-0.095,-0.095,-0.048,-0.048,0.000,0.000,-0.048,-0.048,-0.095,-0.143,-0.143,-0.190,-0.190,-0.190,-0.143,-0.143,-0.143,-0.143,-0.143,-0.143,-0.143,-0.190,-0.238,-0.238,-0.238,-0.238,-0.238,-0.238,-0.238,-0.190,-0.143,-0.143,-0.095,-0.048,-0.048,-0.048,-0.048,-0.048,-0.095,-0.095,-0.048,-0.048,0.000,0.048,0.048,0.048,0.048,0.048,0.095,0.143,0.143,0.095,0.095,0.095,0.048,0.048,0.048,0.095,0.095,0.143,0.143,0.095,0.095,0.095,0.095,0.095,0.095,0.095,0.095,0.095,0.048,0.048,0.048,0.048,0.048,0.048,0.095,0.095,0.048,0.095,0.048,0.048,0.048,0.048,0.000,0.000,0.000,0.048,0.000,0.048,0.000,0.000,0.000,0.048,0.048,0.095,0.095,0.048,0.095,0.095,0.048,0.095,0.095,0.048,0.048,0.095,0.095,0.095,0.048,0.095,0.048,0.048,0.048,0.048,0.048,0.048,0.000,0.000,0.000,-0.048,-0.048,-0.048,-0.048,-0.095,0.000,0.000,-0.048,-0.048,-0.048,-0.048,0.000,0.000,0.000,-0.048,-0.048,-0.048,-0.048,0.000,0.000,0.000,0.000,0.000,0.000,0.000,0.000,-0.048,-0.048,0.000,0.000,0.000,0.000,0.000,0.000,-0.048,0.000,0.000,0.000,0.000,0.000,0.000,0.000,-0.048,-0.048

SEQUENCE PREDICTIONS,>sp|P61626|LYSC_HUMAN,64.448, 0.548, 0.446,10.640
SEQUENCE WEIGHTS,>sp|P61626|LYSC_HUMAN, 0.119, 0.000, 0.166, 0.000, 0.000, 0.000, 0.000, 0.000, 0.000, 0.053, 0.000, 0.000, 0.061, 0.000, 0.000, 0.000, 0.000, 0.000, 0.000, 0.000, 0.057, 0.000, 0.000, 0.000, 0.095, 0.000, 0.000, 0.101, 0.000, 0.000, 0.120, 0.077, 0.000, 0.150, 0.000
SEQUENCE DEVIATIONS,>sp|P61626|LYSC_HUMAN,-1.305, 1.581,-0.898, 0.288, 3.328,-0.151,-2.161,-1.495, 0.769,-1.445,-0.882,-0.385,-0.463,-0.650, 1.823,-1.874, 0.018, 1.645,-0.433,-0.721, 0.958, 2.096, 0.936, 0.922,-1.880, 2.038,-0.527, 0.503, 2.129, 0.120, 1.185,-0.287,-0.095, 0.086, 1.115
SEQUENCE PROFILE KyteDoolittle,>sp|P61626|LYSC_HUMAN,0.698,0.669,0.666,0.670,0.631,0.628,0.615,0.571,0.569,0.569,0.526,0.483,0.483,0.485,0.472,0.458,0.433,0.445,0.423,0.442,0.443,0.424,0.463,0.496,0.465,0.478,0.468,0.472,0.516,0.529,0.488,0.504,0.510,0.485,0.485,0.468,0.468,0.467,0.450,0.483,0.481,0.439,0.437,0.398,0.398,0.414,0.401,0.367,0.349,0.325,0.297,0.311,0.314,0.356,0.375,0.359,0.389,0.389,0.389,0.389,0.372,0.371,0.403,0.392,0.392,0.380,0.361,0.376,0.392,0.394,0.407,0.448,0.436,0.448,0.437,0.405,0.444,0.416,0.448,0.448,0.481,0.508,0.533,0.501,0.501,0.501,0.527,0.557,0.542,0.560,0.585,0.585,0.576,0.604,0.574,0.537,0.576,0.578,0.558,0.526,0.522,0.494,0.472,0.476,0.470,0.498,0.512,0.511,0.511,0.524,0.491,0.450,0.417,0.417,0.389,0.391,0.391,0.350,0.350,0.350,0.350,0.352,0.393,0.376,0.350,0.387,0.376,0.403
SEQUENCE PROFILE Uversky??,>sp|P61626|LYSC_HUMAN,0.697,0.665,0.657,0.667,0.607,0.597,0.561,0.391,0.387,0.387,0.220,0.050,0.050,0.056,0.022,0.028,-0.039,-0.007,-0.115,-0.016,-0.011,-0.064,-0.005,0.136,0.048,0.038,0.010,0.021,0.190,0.227,0.066,0.158,0.268,0.200,0.200,0.153,0.105,0.101,0.006,0.147,0.142,0.024,0.017,-0.091,-0.091,-0.045,-0.036,-0.177,-0.226,-0.292,-0.323,-0.332,-0.325,-0.159,-0.106,-0.152,-0.066,-0.066,-0.068,-0.068,-0.114,-0.117,-0.028,-0.061,-0.108,-0.141,-0.145,-0.151,-0.061,-0.055,-0.018,0.048,0.016,0.048,0.019,-0.070,0.038,-0.040,0.048,0.048,0.188,0.264,0.333,0.244,0.197,0.244,0.317,0.353,0.264,0.314,0.382,0.382,0.357,0.435,0.399,0.343,0.452,0.458,0.356,0.315,0.303,0.225,0.163,0.174,0.111,0.142,0.180,0.176,0.176,0.166,0.026,-0.087,-0.228,-0.228,-0.306,-0.253,-0.253,-0.318,-0.318,-0.318,-0.366,-0.362,-0.248,-0.294,-0.366,-0.215,-0.248,-0.172
SEQUENCE PROFILE entropy,>sp|P61626|LYSC_HUMAN,3.096,3.096,3.191,3.191,3.268,3.096,3.268,3.345,3.345,3.345,3.404,3.427,3.427,3.332,3.463,3.559,3.523,3.523,3.499,3.463,3.463,3.463,3.404,3.463,3.463,3.463,3.523,3.618,3.594,3.499,3.559,3.559,3.654,3.690,3.690,3.690,3.594,3.726,3.726,3.690,3.690,3.559,3.559,3.499,3.499,3.559,3.654,3.559,3.463,3.332,3.368,3.237,3.106,3.106,3.201,3.332,3.368,3.368,3.404,3.404,3.368,3.463,3.594,3.594,3.594,3.463,3.594,3.630,3.726,3.690,3.785,3.880,3.844,3.880,3.880,3.880,3.880,3.785,3.785,3.785,3.654,3.559,3.427,3.559,3.559,3.559,3.654,3.499,3.404,3.232,3.137,3.137,3.101,3.010,3.196,3.327,3.232,3.232,3.232,3.196,3.196,3.273,3.368,3.273,3.237,3.196,3.196,3.137,3.137,3.137,3.154,3.309,3.291,3.291,3.327,3.232,3.232,3.268,3.268,3.268,3.232,3.232,3.232,3.101,3.101,3.178,3.178,3.118
SEQUENCE PROFILE charge,>sp|P61626|LYSC_HUMAN,0.095,0.048,0.048,0.048,0.000,0.000,0.000,0.048,0.048,0.048,0.095,0.143,0.143,0.143,0.143,0.095,0.095,0.095,0.143,0.095,0.095,0.095,0.143,0.095,0.095,0.143,0.143,0.143,0.095,0.095,0.143,0.095,0.000,0.000,0.000,0.000,0.048,0.048,0.095,0.048,0.048,0.048,0.048,0.048,0.048,0.048,0.000,0.048,0.048,0.048,0.000,-0.048,-0.048,0.000,0.000,0.000,0.000,0.000,0.000,0.000,0.000,0.000,0.000,0.000,-0.048,-0.048,0.000,0.048,0.000,0.000,0.000,0.048,0.048,0.048,0.048,0.048,0.048,0.048,0.048,0.048,0.000,0.000,0.000,0.000,-0.048,0.000,0.000,-0.048,-0.095,-0.095,-0.095,-0.095,-0.095,-0.095,-0.048,0.000,0.000,0.000,0.048,0.000,0.000,0.000,0.000,0.000,0.048,0.095,0.095,0.095,0.095,0.143,0.190,0.190,0.238,0.238,0.238,0.190,0.190,0.143,0.143,0.143,0.190,0.190,0.190,0.190,0.190,0.143,0.143,0.143

